UNITS MIL,1000;
EDIT proj;
ADD P2 :W0.000000  -118.425,-39.291 -118.425,12.874 -157.008,12.874 -157.008,-52.874 -137.716,-52.874 -137.716,-39.291;
ADD P2 :W0.000000  -157.007,491.220 -157.007,425.472 -118.424,425.472 -118.424,477.637 -137.716,477.637 -137.716,491.220;
ADD P2 :W0.000000  -558.583,-52.874 -558.583,12.874 -597.166,12.874 -597.166,-39.291 -577.874,-39.291 -577.874,-52.874;
ADD P2 :W0.000000  -597.165,477.637 -597.165,425.472 -558.582,425.472 -558.582,491.220 -577.874,491.220 -577.874,477.637;
ADD P2 :W0.000000  0.000,-19.291 732.283,-19.291 732.283,19.291 0.000,19.291;
ADD P2 :W0.000000  -157.007,12.874 -118.425,12.874 -118.425,425.472 -157.007,425.472;
ADD P2 :W0.000000  -597.165,12.874 -558.583,12.874 -558.583,425.472 -597.165,425.472;
ADD P2 :W0.000000  -118.425,-39.291 -20.000,-39.291 -20.000,-0.709 -118.425,-0.709;
ADD P2 :W0.000000  -558.583,-52.874 -157.008,-52.874 -157.008,12.874 -558.583,12.874;
ADD P2 :W0.000000  -703.591,-39.291 -605.166,-39.291 -605.166,-0.709 -703.591,-0.709;
ADD P2 :W0.000000  -118.424,439.055 -19.999,439.055 -19.999,477.637 -118.424,477.637;
ADD P2 :W0.000000  -558.582,425.472 -157.007,425.472 -157.007,491.220 -558.582,491.220;
ADD P2 :W0.000000  -703.590,439.055 -605.165,439.055 -605.165,477.637 -703.590,477.637;
SAVE;
